join_broadcast.py: 74.14392161369324 seconds
join_repartition.py: 1089.001785993576 seconds
